# Created by Octave 3.8.2, Mon May 11 18:43:32 2015 CDT <gerardogtn@MBPdeGedoTeruel>
# name: P
# type: matrix
# rows: 3
# columns: 1
 2.2
 3.4
 5


# name: X
# type: matrix
# rows: 5
# columns: 1
 0
 2
 3
 6
 7


# name: Y
# type: matrix
# rows: 5
# columns: 1
 0.12
 0.153
 0.17
 0.225
 0.26


